
// entity 0
{
"classname" "worldspawn"
// brush from face
{
( -100.00000000 100.00000000 -100.00000000 ) ( 100.00000000 100.00000000 -100.00000000 ) ( 100.00000000 100.00000000 100.00000000 ) NULL 0 0 0 1 1 0 0 0
( 94.21613312 94.21613312 94.24787140 ) ( 94.23719025 94.23719025 -94.20545197 ) ( -94.23719025 94.20545197 -94.23719025 ) common/caulk 0 0 0 1 1 0 0 0
( 100.00000000 100.00000000 100.00000000 ) ( 100.00000000 100.00000000 -100.00000000 ) ( 94.23719025 94.23719025 -94.20545197 ) common/caulk 0 0 0 1 1 0 0 0
( 100.00000000 100.00000000 -100.00000000 ) ( -100.00000000 100.00000000 -100.00000000 ) ( -94.23719025 94.20545197 -94.23719025 ) common/caulk 0 0 0 1 1 0 0 0
( -100.00000000 100.00000000 -100.00000000 ) ( 100.00000000 100.00000000 100.00000000 ) ( 94.21613312 94.21613312 94.24787140 ) common/caulk 0 0 0 1 1 0 0 0
}
// brush from face
{
( -100.00000000 100.00000000 100.00000000 ) ( -100.00000000 100.00000000 -100.00000000 ) ( 100.00000000 100.00000000 100.00000000 ) NULL 0 0 0 1 1 0 0 0
( 94.21613312 94.21613312 94.24787140 ) ( -94.23719025 94.20545197 -94.23719025 ) ( -94.21613312 94.24787140 94.21613312 ) common/caulk 0 0 0 1 1 0 0 0
( 100.00000000 100.00000000 100.00000000 ) ( -100.00000000 100.00000000 -100.00000000 ) ( -94.23719025 94.20545197 -94.23719025 ) common/caulk 0 0 0 1 1 0 0 0
( -100.00000000 100.00000000 -100.00000000 ) ( -100.00000000 100.00000000 100.00000000 ) ( -94.21613312 94.24787140 94.21613312 ) common/caulk 0 0 0 1 1 0 0 0
( -100.00000000 100.00000000 100.00000000 ) ( 100.00000000 100.00000000 100.00000000 ) ( 94.21613312 94.21613312 94.24787140 ) common/caulk 0 0 0 1 1 0 0 0
}
// brush from face
{
( 100.00000000 -100.00000000 -100.00000000 ) ( 100.00000000 100.00000000 100.00000000 ) ( 100.00000000 100.00000000 -100.00000000 ) NULL 0 0 0 1 1 0 0 0
( 94.23719025 94.23719025 -94.20545197 ) ( 94.21613312 94.21613312 94.24787140 ) ( 94.20545197 -94.23719025 -94.23719025 ) common/caulk 0 0 0 1 1 0 0 0
( 100.00000000 100.00000000 -100.00000000 ) ( 100.00000000 100.00000000 100.00000000 ) ( 94.21613312 94.21613312 94.24787140 ) common/caulk 0 0 0 1 1 0 0 0
( 100.00000000 100.00000000 100.00000000 ) ( 100.00000000 -100.00000000 -100.00000000 ) ( 94.20545197 -94.23719025 -94.23719025 ) common/caulk 0 0 0 1 1 0 0 0
( 100.00000000 -100.00000000 -100.00000000 ) ( 100.00000000 100.00000000 -100.00000000 ) ( 94.23719025 94.23719025 -94.20545197 ) common/caulk 0 0 0 1 1 0 0 0
}
// brush from face
{
( 100.00000000 -100.00000000 -100.00000000 ) ( 99.99990082 -100.00009155 100.00000000 ) ( 100.00000000 100.00000000 100.00000000 ) NULL 0 0 0 1 1 0 0 0
( 94.21613312 94.21613312 94.24787140 ) ( 94.24777222 -94.21622467 94.21613312 ) ( 94.20545197 -94.23719025 -94.23719025 ) common/caulk 0 0 0 1 1 0 0 0
( 100.00000000 100.00000000 100.00000000 ) ( 99.99990082 -100.00009155 100.00000000 ) ( 94.24777222 -94.21622467 94.21613312 ) common/caulk 0 0 0 1 1 0 0 0
( 99.99990082 -100.00009155 100.00000000 ) ( 100.00000000 -100.00000000 -100.00000000 ) ( 94.20545197 -94.23719025 -94.23719025 ) common/caulk 0 0 0 1 1 0 0 0
( 100.00000000 -100.00000000 -100.00000000 ) ( 100.00000000 100.00000000 100.00000000 ) ( 94.21613312 94.21613312 94.24787140 ) common/caulk 0 0 0 1 1 0 0 0
}
// brush from face
{
( 99.99990082 -100.00009155 100.00000000 ) ( -100.00000000 100.00000000 100.00000000 ) ( 100.00000000 100.00000000 100.00000000 ) NULL 0 0 0 1 1 0 0 0
( 94.21613312 94.21613312 94.24787140 ) ( -94.21613312 94.24787140 94.21613312 ) ( 94.24777222 -94.21622467 94.21613312 ) common/caulk 0 0 0 1 1 0 0 0
( 100.00000000 100.00000000 100.00000000 ) ( -100.00000000 100.00000000 100.00000000 ) ( -94.21613312 94.24787140 94.21613312 ) common/caulk 0 0 0 1 1 0 0 0
( -100.00000000 100.00000000 100.00000000 ) ( 99.99990082 -100.00009155 100.00000000 ) ( 94.24777222 -94.21622467 94.21613312 ) common/caulk 0 0 0 1 1 0 0 0
( 99.99990082 -100.00009155 100.00000000 ) ( 100.00000000 100.00000000 100.00000000 ) ( 94.21613312 94.21613312 94.24787140 ) common/caulk 0 0 0 1 1 0 0 0
}
// brush from face
{
( -100.00000000 -100.00000000 -100.00000000 ) ( 100.00000000 -100.00000000 -100.00000000 ) ( 100.00000000 100.00000000 -100.00000000 ) NULL 0 0 0 1 1 0 0 0
( 94.23719025 94.23719025 -94.20545197 ) ( 94.20545197 -94.23719025 -94.23719025 ) ( -94.22650909 -94.22650909 -94.22650909 ) common/caulk 0 0 0 1 1 0 0 0
( 100.00000000 100.00000000 -100.00000000 ) ( 100.00000000 -100.00000000 -100.00000000 ) ( 94.20545197 -94.23719025 -94.23719025 ) common/caulk 0 0 0 1 1 0 0 0
( 100.00000000 -100.00000000 -100.00000000 ) ( -100.00000000 -100.00000000 -100.00000000 ) ( -94.22650909 -94.22650909 -94.22650909 ) common/caulk 0 0 0 1 1 0 0 0
( -100.00000000 -100.00000000 -100.00000000 ) ( 100.00000000 100.00000000 -100.00000000 ) ( 94.23719025 94.23719025 -94.20545197 ) common/caulk 0 0 0 1 1 0 0 0
}
// brush from face
{
( -100.00000000 100.00000000 -100.00000000 ) ( -100.00000000 -100.00000000 -100.00000000 ) ( 100.00000000 100.00000000 -100.00000000 ) NULL 0 0 0 1 1 0 0 0
( 94.23719025 94.23719025 -94.20545197 ) ( -94.22650909 -94.22650909 -94.22650909 ) ( -94.23719025 94.20545197 -94.23719025 ) common/caulk 0 0 0 1 1 0 0 0
( 100.00000000 100.00000000 -100.00000000 ) ( -100.00000000 -100.00000000 -100.00000000 ) ( -94.22650909 -94.22650909 -94.22650909 ) common/caulk 0 0 0 1 1 0 0 0
( -100.00000000 -100.00000000 -100.00000000 ) ( -100.00000000 100.00000000 -100.00000000 ) ( -94.23719025 94.20545197 -94.23719025 ) common/caulk 0 0 0 1 1 0 0 0
( -100.00000000 100.00000000 -100.00000000 ) ( 100.00000000 100.00000000 -100.00000000 ) ( 94.23719025 94.23719025 -94.20545197 ) common/caulk 0 0 0 1 1 0 0 0
}
// brush from face
{
( -100.00000000 100.00000000 -100.00000000 ) ( -100.00000000 100.00000000 100.00000000 ) ( -100.00000000 -100.00000000 -100.00000000 ) NULL 0 0 0 1 1 0 0 0
( -94.22650909 -94.22650909 -94.22650909 ) ( -94.21613312 94.24787140 94.21613312 ) ( -94.23719025 94.20545197 -94.23719025 ) common/caulk 0 0 0 1 1 0 0 0
( -100.00000000 -100.00000000 -100.00000000 ) ( -100.00000000 100.00000000 100.00000000 ) ( -94.21613312 94.24787140 94.21613312 ) common/caulk 0 0 0 1 1 0 0 0
( -100.00000000 100.00000000 100.00000000 ) ( -100.00000000 100.00000000 -100.00000000 ) ( -94.23719025 94.20545197 -94.23719025 ) common/caulk 0 0 0 1 1 0 0 0
( -100.00000000 100.00000000 -100.00000000 ) ( -100.00000000 -100.00000000 -100.00000000 ) ( -94.22650909 -94.22650909 -94.22650909 ) common/caulk 0 0 0 1 1 0 0 0
}
// brush from face
{
( -100.00000000 100.00000000 100.00000000 ) ( -100.00000000 -100.00000000 100.00000000 ) ( -100.00000000 -100.00000000 -100.00000000 ) NULL 0 0 0 1 1 0 0 0
( -94.22650909 -94.22650909 -94.22650909 ) ( -94.22650909 -94.22650909 94.22650909 ) ( -94.21613312 94.24787140 94.21613312 ) common/caulk 0 0 0 1 1 0 0 0
( -100.00000000 -100.00000000 -100.00000000 ) ( -100.00000000 -100.00000000 100.00000000 ) ( -94.22650909 -94.22650909 94.22650909 ) common/caulk 0 0 0 1 1 0 0 0
( -100.00000000 -100.00000000 100.00000000 ) ( -100.00000000 100.00000000 100.00000000 ) ( -94.21613312 94.24787140 94.21613312 ) common/caulk 0 0 0 1 1 0 0 0
( -100.00000000 100.00000000 100.00000000 ) ( -100.00000000 -100.00000000 -100.00000000 ) ( -94.22650909 -94.22650909 -94.22650909 ) common/caulk 0 0 0 1 1 0 0 0
}
// brush from face
{
( 99.99990082 -100.00009155 100.00000000 ) ( -100.00000000 -100.00000000 100.00000000 ) ( -100.00000000 100.00000000 100.00000000 ) NULL 0 0 0 1 1 0 0 0
( -94.21613312 94.24787140 94.21613312 ) ( -94.22650909 -94.22650909 94.22650909 ) ( 94.24777222 -94.21622467 94.21613312 ) common/caulk 0 0 0 1 1 0 0 0
( -100.00000000 100.00000000 100.00000000 ) ( -100.00000000 -100.00000000 100.00000000 ) ( -94.22650909 -94.22650909 94.22650909 ) common/caulk 0 0 0 1 1 0 0 0
( -100.00000000 -100.00000000 100.00000000 ) ( 99.99990082 -100.00009155 100.00000000 ) ( 94.24777222 -94.21622467 94.21613312 ) common/caulk 0 0 0 1 1 0 0 0
( 99.99990082 -100.00009155 100.00000000 ) ( -100.00000000 100.00000000 100.00000000 ) ( -94.21613312 94.24787140 94.21613312 ) common/caulk 0 0 0 1 1 0 0 0
}
// brush from face
{
( -100.00000000 -100.00000000 -100.00000000 ) ( 99.99990082 -100.00009155 100.00000000 ) ( 100.00000000 -100.00000000 -100.00000000 ) NULL 0 0 0 1 1 0 0 0
( 94.20545197 -94.23719025 -94.23719025 ) ( 94.24777222 -94.21622467 94.21613312 ) ( -94.22650909 -94.22650909 -94.22650909 ) common/caulk 0 0 0 1 1 0 0 0
( 100.00000000 -100.00000000 -100.00000000 ) ( 99.99990082 -100.00009155 100.00000000 ) ( 94.24777222 -94.21622467 94.21613312 ) common/caulk 0 0 0 1 1 0 0 0
( 99.99990082 -100.00009155 100.00000000 ) ( -100.00000000 -100.00000000 -100.00000000 ) ( -94.22650909 -94.22650909 -94.22650909 ) common/caulk 0 0 0 1 1 0 0 0
( -100.00000000 -100.00000000 -100.00000000 ) ( 100.00000000 -100.00000000 -100.00000000 ) ( 94.20545197 -94.23719025 -94.23719025 ) common/caulk 0 0 0 1 1 0 0 0
}
// brush from face
{
( -100.00000000 -100.00000000 -100.00000000 ) ( -100.00000000 -100.00000000 100.00000000 ) ( 99.99990082 -100.00009155 100.00000000 ) NULL 0 0 0 1 1 0 0 0
( 94.24777222 -94.21622467 94.21613312 ) ( -94.22650909 -94.22650909 94.22650909 ) ( -94.22650909 -94.22650909 -94.22650909 ) common/caulk 0 0 0 1 1 0 0 0
( 99.99990082 -100.00009155 100.00000000 ) ( -100.00000000 -100.00000000 100.00000000 ) ( -94.22650909 -94.22650909 94.22650909 ) common/caulk 0 0 0 1 1 0 0 0
( -100.00000000 -100.00000000 100.00000000 ) ( -100.00000000 -100.00000000 -100.00000000 ) ( -94.22650909 -94.22650909 -94.22650909 ) common/caulk 0 0 0 1 1 0 0 0
( -100.00000000 -100.00000000 -100.00000000 ) ( 99.99990082 -100.00009155 100.00000000 ) ( 94.24777222 -94.21622467 94.21613312 ) common/caulk 0 0 0 1 1 0 0 0
}
}
